"depth" "PotTemperature" "Salinity" "Station"
-2 22.93832 36.39483 "144"
-5 22.9468213333333 36.3931304444444 "144"
-10 23.04151 36.375525 "144"
-30 23.04477 36.375695 "144"
-50 23.041415 36.376235 "144"
-65 23.026745 36.416665 "144"
-80 22.93756 36.45832 "144"
-90 22.890785 36.561285 "144"
-100 22.658195 36.561445 "144"
-120 22.291785 36.58756 "144"
-150 21.739225 36.64225 "144"
-390 17.8468227352941 36.5343513529412 "144"
-398 17.789413 36.525362 "144"
-400 17.7864106666667 36.5258683333333 "144"
-1000 5.742992 35.036892 "144"
-5 13.992855 35.12152 "145"
-10 13.997135 35.122535 "145"
-20 13.999585 35.12346 "145"
-35 14.008825 35.126145 "145"
-50 14.053735 35.14055 "145"
-60 14.080355 35.14961 "145"
-75 14.09859 35.15439 "145"
-110 15.73555 35.978 "145"
-150 13.08522 35.6717 "145"
-200 10.371175 35.325035 "145"
-230 9.622335 35.229305 "145"
-250 8.92681 35.181375 "145"
-400 6.118506 35.047006 "145"
-590 4.95667233333333 34.9635141333333 "145"
-594 4.941694 34.961392 "145"
-600 4.905431 34.956133 "145"
-1034 NA NA "145"
-5 20.1497 36.57475 "147"
-30 20.14595 36.575033 "147"
-50 20.135867 36.574683 "147"
-70 20.124375 36.57445 "147"
-120 20.119767 36.574667 "147"
-180 20.106783 36.574767 "147"
-210 20.036167 36.594217 "147"
-230 19.686658 36.63985 "147"
-240 19.363558 36.652967 "147"
-300 18.448583 36.612583 "147"
-400 18.010133 36.569425 "147"
-978 8.4252 35.1636 "147"
-5 20.47995 36.596745 "148"
-50 20.35045 36.59957 "148"
-120 20.260055 36.60215 "148"
-130 20.20854 36.603755 "148"
-160 19.956885 36.62654 "148"
-170 19.664825 36.648765 "148"
-180 19.321706 36.653375 "148"
-190 19.019269 36.644137 "148"
-200 18.761263 36.628981 "148"
-400 17.630208 36.5116 "148"
-978 NA NA "148"
0 17.625942 36.285292 "150"
-5 17.625942 36.285292 "150"
-20 17.600758 36.285167 "150"
-30 17.594983 36.285083 "150"
-40 17.5786 36.285033 "150"
-50 17.571617 36.284508 "150"
-60 17.535467 36.280475 "150"
-80 17.321492 36.254567 "150"
-90 17.217008 36.259208 "150"
-100 17.098517 36.262425 "150"
-150 16.171742 36.227117 "150"
-400 13.1875 35.756762 "150"
-650 9.755 35.3563 "150"
-979 NA NA "150"
0 17.30208 36.229605 "151"
-5 17.30208 36.229605 "151"
-20 17.28718 36.230875 "151"
-40 17.153965 36.23274 "151"
-50 17.106055 36.23499 "151"
-60 16.982315 36.22308 "151"
-70 16.874165 36.20373 "151"
-80 16.7307816860465 36.1818769767442 "151"
-90 16.58198 36.17448 "151"
-110 15.97598 36.110845 "151"
-150 14.75755 35.990325 "151"
-200 13.760125 35.876362 "151"
-400 11.930775 35.629975 "151"
-1004 NA NA "151"
-2 14.3052925 35.991915 "152"
-5 14.3156034701493 35.9916894776119 "152"
-25 14.2881465056818 35.9924671875 "152"
-50 14.29237 35.99025 "152"
-75 14.2855578571429 35.9899728571429 "152"
-100 14.281135 35.98847 "152"
-115 14.28085 35.9894241666667 "152"
-135 14.24575 35.98045 "152"
-150 14.1158535714286 35.9535228571429 "152"
-160 13.901115 35.909245 "152"
-200 13.39943625 35.831624375 "152"
-400 12.07348 35.67 "152"
-410 12.047245 35.66814 "152"
-800 10.0758507301587 35.5725118888889 "152"
-808 10.050975 35.576983 "152"
-1000 9.3475 35.680025 "152"
0 11.09455 35.32522 "155"
-5 11.0945711607143 35.3243279464286 "155"
-10 11.092645 35.325645 "155"
-20 11.07301 35.33516 "155"
-40 10.7936886407767 35.3353846116505 "155"
-80 10.567875 35.31527 "155"
-130 10.59575 35.364465 "155"
-150 10.642075 35.38781 "155"
-170 10.635335 35.40215 "155"
-200 10.747855 35.446535 "155"
-220 10.75367 35.45655 "155"
-300 10.65523 35.46197 "155"
-400 10.60125 35.474715 "155"
-750 8.845137 35.4048 "155"
-751 8.838269 35.40565 "155"
-800 8.474475 35.384842 "155"
-1035 NA NA "155"
-1037 NA NA "155"
0 8.65904 35.157435 "158"
-2 8.65904 35.157435 "158"
-5 8.473925 35.145165 "158"
-10 7.93893 35.15539 "158"
-25 6.732605 35.15072 "158"
-60 6.09849 35.145485 "158"
-70 5.854295 35.131765 "158"
-80 5.718755 35.130555 "158"
-95 5.429265 35.115435 "158"
-115 5.194965 35.10778 "158"
-125 5.11327 35.106865 "158"
-150 4.90827 35.10562 "158"
-200 4.4646 35.08187 "158"
-400 2.50486 34.986795 "158"
-650 0.20039 34.90357 "158"
-651 0.19636 34.90349 "158"
-800 -0.203833 34.898308 "158"
-1032 -0.4845 34.8995 "158"
0 1.899306 34.888656 "163"
-2 1.944781 34.950075 "163"
-5 1.899306 34.888656 "163"
-10 1.893531 34.889938 "163"
-30 1.78115 34.938044 "163"
-50 1.652337 34.992381 "163"
-65 1.423975 34.983175 "163"
-80 1.350994 34.984556 "163"
-98 1.256425 34.981625 "163"
-100 1.255488 34.982438 "163"
-120 1.177125 34.997595 "163"
-150 1.054665 34.988585 "163"
-200 0.8876 34.98054 "163"
-400 0.38655 34.95995 "163"
-499 0.078815 34.94578 "163"
-500 0.077685 34.94574 "163"
-800 -0.023325 34.939113 "163"
-1000 -0.2472 34.9263 "163"
0 7.675475 34.924975 "168"
-5 7.48702 34.92331 "168"
-10 7.474195 34.9253616666667 "168"
-20 7.040315 34.93256 "168"
-30 5.85243 34.971415 "168"
-40 3.82243608910891 34.9753887128713 "168"
-50 3.26531 34.974485 "168"
-60 2.94244 34.974065 "168"
-70 2.641995 34.97894 "168"
-75 2.45066 34.97718 "168"
-80 2.37755 34.984675 "168"
-90 2.0975 34.9832616666667 "168"
-98 1.93326 34.98547 "168"
-100 1.92037166666667 34.9878783333333 "168"
-120 1.696565 34.99725 "168"
-148 1.457485 35.007575 "168"
-200 1.110933 35.0058 "168"
-5 -0.160462 33.613775 "173"
-8 -0.374025 33.65485 "173"
-10 -0.4819 33.7081 "173"
-15 -0.752663 34.01295 "173"
-20 -0.979925 34.217737 "173"
-30 -1.295175 34.444488 "173"
-33 -1.299125 34.453663 "173"
-35 -1.298725 34.4561 "173"
-48 NA NA "173"
0 1.36038 34.26439 "175"
-5 1.36534309090909 34.2647483636364 "175"
-10 1.237225 34.27049 "175"
-20 1.11855 34.275395 "175"
-25 0.928275 34.2939 "175"
-35 -0.314835 34.41801 "175"
-45 -0.921715 34.51821 "175"
-60 0.1513 34.703375 "175"
-65 0.49971 34.72715 "175"
-75 1.17142 34.800365 "175"
-90 1.23308 34.820835 "175"
-110 1.12565 34.81785 "175"
-150 1.52347 34.87593 "175"
-199 1.46446941176471 34.8811547058824 "175"
-200 1.4676175 34.88146375 "175"
-398 NA NA "175"
0 1.325533 34.142392 "178"
-5 1.325533 34.142392 "178"
-10 1.317683 34.146592 "178"
-20 1.172658 34.21335 "178"
-25 0.725383 34.266433 "178"
-30 0.28555 34.3549 "178"
-50 -0.64815 34.513092 "178"
-60 -0.832783 34.559008 "178"
-75 -0.769517 34.630425 "178"
-80 -0.767258 34.644783 "178"
-100 -0.7778 34.696733 "178"
-140 -0.823225 34.763583 "178"
-150 -0.8339 34.7847 "178"
-200 -0.616617 34.875617 "178"
-220 -0.6 34.9033 "178"
0 2.50765 22.980169 "180"
-5 2.50765 22.980169 "180"
-10 -0.391038 29.037012 "180"
-20 -1.023625 33.092992 "180"
-30 -1.534092 33.646092 "180"
-35 -1.2931 34.1915 "180"
-5 -1.649837 32.950844 "188"
-8 -1.656762 32.953756 "188"
-10 -1.67265 32.959419 "188"
-13 -1.681306 32.986919 "188"
-15 -1.681156 33.065344 "188"
-17 -1.647569 33.436706 "188"
-18 -1.623256 33.651131 "188"
-20 -1.576275 34.026019 "188"
-23 -1.476144 34.3771 "188"
-28 -1.444275 34.439725 "188"
0 0.10137 28.82053 "189"
-5 0.102271851851852 28.8152790277778 "189"
-10 -0.287455 31.379285 "189"
-20 -0.579507556818182 32.7433969886364 "189"
-30 -1.152525 33.64992 "189"
-35 -1.53831 33.76046 "189"
-60 -1.62102 34.22888 "189"
-80 -1.498405 34.390015 "189"
-95 -1.297275 34.45937 "189"
-115 -0.63486 34.56449 "189"
-125 -0.117895 34.639065 "189"
-150 0.552705 34.725315 "189"
-198 1.39909 34.84211 "189"
-200 1.3579 34.84894 "189"
-299 1.57854 34.92558 "189"
-300 1.608081 34.926369 "189"
-398 1.148075 34.920567 "189"
-400 1.1723448 34.9230598 "189"
-500 0.916613 34.93065 "189"
-600 0.535213 34.918413 "189"
-700 0.363563 34.917812 "189"
-800 0.205448666666667 34.917876 "189"
-998 -0.249267 34.896117 "189"
-1000 -0.274305666666667 34.8935423333333 "189"
0 2.4531 29.0291 "193"
-5 2.4531 29.0291 "193"
-10 2.4533 29.0293 "193"
-20 2.4916 30.466325 "193"
-34 NA NA "193"
-4 -0.585342 27.442 "194"
-5 -0.585342 27.442 "194"
-9 -0.171308 28.331975 "194"
-20 0.744175 29.99375 "194"
-30 -0.38105 31.1118 "194"
-35 -0.988567 31.56495 "194"
-40 -1.473358 31.8392 "194"
-49 -1.536692 32.1336 "194"
-60 -1.5762 32.472792 "194"
-75 -1.56845 32.7572 "194"
0 2.5691 28.60925 "196"
-5 2.5691 28.60925 "196"
-10 2.549862 28.756888 "196"
-15 2.2831 29.24395 "196"
-20 1.442975 30.56745 "196"
-30 0.29605 31.647087 "196"
-40 -0.436175 32.123937 "196"
-60 -1.340813 32.5111 "196"
-100 -1.431313 33.021187 "196"
-150 -0.191513 34.380113 "196"
-250 0.508525 34.817975 "196"
-448 NA NA "196"
