1 0 0 0 1 0 0 0 0 0
0 0 0 0 0 1 0 0 1 1
0 0 0 0 1 0 0 0 0 0
0 0 0 0 1 0 0 0 1 0
3 0 0 1 1 0 0 0 4 0
1 0 0 0 0 0 0 0 1 0
2 0 0 0 1 1 0 0 0 0
1 1 1 1 0 1 0 0 0 0
0 0 0 0 0 0 1 0 1 0
2 0 0 0 0 0 0 0 0 0
1 0 0 0 2 0 0 0 0 0
1 0 0 0 3 0 0 0 0 0
0 0 0 0 1 0 0 0 1 0
1 1 0 0 0 0 0 0 0 2
0 0 0 3 0 0 0 0 0 0
0 0 1 0 0 0 0 0 0 0
0 0 0 0 0 0 1 0 0 0
0 0 0 2 0 0 0 0 0 0
0 1 0 0 0 0 0 0 1 0
1 0 0 0 1 0 0 0 0 0
0 0 0 0 2 0 0 0 0 0
0 0 1 1 0 0 0 0 0 1
1 0 0 0 0 0 0 0 0 0
0 0 0 0 1 0 0 0 0 1
0 0 0 0 0 1 0 0 0 0
0 0 0 1 2 0 0 0 0 0
3 0 0 1 1 1 0 0 0 0
1 0 0 0 0 0 0 0 0 0
0 0 2 2 0 0 0 0 0 0
0 0 0 0 0 0 1 0 0 0
1 0 0 0 0 0 0 0 0 0
1 0 2 3 1 0 2 0 0 1
1 0 0 0 0 0 1 0 0 1
0 0 0 0 1 0 0 0 1 0
0 0 0 0 2 0 1 0 0 0
1 0 0 0 0 0 0 0 0 0
2 0 0 0 0 0 1 0 0 0
0 0 0 0 0 0 2 0 0 0
0 0 0 0 0 0 0 0 1 0
1 0 0 0 0 0 0 0 0 0
1 0 0 0 2 0 0 0 0 1
76 11 19 25 101 17 53 2 40 49
3 0 0 0 1 0 0 0 1 1
0 0 0 0 2 0 1 0 0 0
0 0 0 0 2 0 0 0 0 0
0 0 0 0 1 0 0 0 0 0
1 0 0 0 0 0 1 0 0 0
0 0 0 1 0 0 1 0 0 0
0 1 3 1 0 0 3 0 2 4
0 0 0 0 0 0 0 0 0 1
0 0 0 0 0 0 1 0 0 0
0 0 0 0 0 0 0 0 0 1
0 0 0 0 0 1 0 0 0 0
0 0 0 0 2 0 0 0 0 0
4 1 0 0 1 0 2 0 0 0
0 0 0 0 1 0 0 0 0 0
12 1 12 11 12 1 10 0 8 15
0 0 4 1 1 0 0 0 0 4
1 1 0 0 0 0 0 0 0 0
0 0 0 2 1 0 0 0 0 0
0 0 0 0 0 0 0 0 1 0
0 0 1 1 2 0 2 0 1 1
0 0 0 0 1 0 0 0 0 0
0 0 0 0 1 0 0 0 0 0
0 0 1 0 0 0 0 0 1 0
0 0 0 2 0 0 0 0 0 0
1 0 0 0 0 0 0 0 0 0
0 0 0 1 0 0 0 0 0 0
10 2 0 17 12 3 7 2 7 5
0 0 0 0 1 0 0 0 0 0
1 0 0 0 1 0 0 0 0 0
0 0 0 0 0 0 0 0 1 0
1 0 0 0 0 0 0 0 0 0
14 0 2 4 10 1 3 0 2 3
0 0 0 0 0 0 0 0 3 0
6 1 0 0 1 0 1 1 2 1
0 0 0 1 1 0 0 0 0 0
1 0 0 0 0 0 0 0 0 0
1 0 2 1 2 0 0 0 0 2
0 0 0 0 0 0 0 0 0 1
0 0 0 3 0 0 0 0 0 0
0 0 0 0 2 0 0 0 1 0
0 0 6 10 0 0 0 0 0 0
0 0 0 0 0 0 0 0 1 0
0 0 0 0 0 2 0 0 0 0
0 0 0 0 0 0 1 0 0 0
0 0 0 0 0 0 0 0 0 1
0 0 1 0 1 0 0 0 0 0
0 0 0 1 0 0 0 0 0 0
0 0 0 0 0 0 2 0 0 1
1 0 0 0 0 0 0 0 0 0
1 0 0 0 0 0 0 0 1 0
0 0 0 0 1 0 0 0 0 0
1 0 0 0 2 1 0 0 0 0
1 1 0 0 1 1 0 0 1 0
1 0 0 0 0 0 0 0 0 0
7 1 1 3 3 1 1 0 6 0
0 0 0 0 2 0 0 0 0 0
4 0 0 0 1 0 4 1 0 0
0 0 1 0 0 0 0 0 1 0
7 1 0 3 1 0 0 0 4 1
0 0 0 1 0 0 0 0 0 0
0 0 0 0 1 1 0 0 0 0
0 0 0 0 1 0 0 0 0 0
0 0 0 1 0 1 0 0 0 0
1 0 1 0 0 0 0 0 0 0
0 0 0 1 0 0 0 0 0 0
0 0 0 1 0 0 0 0 0 0
0 0 0 0 1 0 0 0 0 0
1 0 0 0 2 0 0 0 0 0
1 0 0 0 2 0 0 0 0 0
1 0 1 6 3 1 1 1 0 1
0 0 0 0 2 0 0 0 0 0
1 0 0 2 0 0 0 0 0 0
2 0 0 1 3 0 0 0 0 1
0 0 1 0 0 0 0 0 0 0
0 0 0 0 0 1 0 0 1 0
1 0 0 0 0 0 0 0 0 0
1 0 0 0 0 0 0 0 0 0
1 0 0 0 1 0 1 0 2 0
0 0 0 1 1 0 0 0 0 0
1 0 0 0 0 0 0 0 0 0
0 0 0 0 1 0 1 0 0 0
2 1 8 12 6 2 0 0 0 3
13 6 7 22 6 3 3 0 0 2
0 0 0 0 5 0 1 0 0 0
1 0 0 0 2 0 0 0 0 0
1 0 0 0 0 0 0 0 0 1
1 0 0 0 2 0 0 0 0 1
0 1 0 0 0 0 0 0 0 0
1 0 0 1 3 0 0 0 0 0
0 0 0 0 1 0 0 0 0 2
0 0 0 0 2 0 0 0 0 0
3 0 0 1 15 0 3 0 1 0
5 0 0 0 0 0 0 0 0 0
0 0 0 0 1 0 1 0 0 1
2 0 0 0 4 1 1 0 0 0
0 1 0 0 0 0 0 0 0 0
0 0 0 0 1 0 0 0 0 0
1 0 0 0 1 0 0 0 0 0
0 0 0 0 0 1 0 0 0 0
0 0 0 0 1 0 0 0 0 0
0 0 0 2 0 0 0 0 0 0
0 0 0 0 3 0 0 0 0 0
1 0 0 0 0 0 0 0 0 0
2 1 0 0 0 0 0 0 4 0
2 0 0 0 3 1 2 0 3 1
0 0 0 1 0 0 0 0 0 0
1 0 0 0 2 0 1 0 0 0
0 0 0 2 0 1 0 0 0 0
5 0 0 0 0 0 2 0 1 0
1 0 0 0 0 0 0 0 0 0
0 0 0 1 2 0 1 0 0 0
1 0 0 0 0 0 0 0 0 0
1 0 0 0 0 0 0 0 0 0
1 0 0 0 2 0 0 0 0 0
1 0 0 0 0 0 0 0 1 0
0 0 2 6 0 0 0 0 0 1
0 0 0 2 0 0 0 0 0 0
0 0 0 2 0 1 0 0 0 0
4 0 0 0 2 0 2 0 1 2
0 0 1 0 0 0 0 0 0 0
0 1 0 0 0 0 0 0 0 0
0 0 0 0 1 0 0 0 1 1
0 0 0 0 0 0 0 0 0 1
1 1 1 2 0 1 1 0 1 0
4 0 0 0 0 7 0 0 0 2
4 0 0 0 6 0 5 0 1 2
0 0 0 2 0 0 0 0 0 0
0 0 8 11 0 0 0 0 0 0
0 0 1 1 2 0 0 0 0 0
0 0 0 0 1 0 0 0 0 0
0 0 2 1 0 0 0 0 0 0
0 0 0 0 2 0 0 0 0 0
0 0 0 1 0 0 0 0 1 0
1 0 0 0 1 0 0 0 0 0
1 0 0 0 0 0 1 0 1 0
1 0 0 0 0 0 0 0 0 0
0 0 0 0 0 0 0 0 1 0
1 0 1 0 2 0 0 0 1 0
0 0 0 0 0 0 0 0 0 1
0 0 0 0 0 0 0 0 2 0
0 0 0 0 0 1 0 0 2 0
0 0 0 1 0 0 0 0 0 0
0 0 0 0 2 0 0 0 0 0
0 0 0 0 3 1 0 0 4 0
0 0 0 1 0 0 0 0 0 0
0 0 0 0 0 0 1 0 0 0
3 0 1 0 5 1 1 0 3 2
1 0 0 0 0 0 0 0 0 0
0 0 0 1 0 0 0 0 0 0
3 0 1 0 0 0 0 0 0 0
0 0 1 0 1 1 0 0 0 0
0 0 2 4 0 0 0 0 0 0
13 1 7 10 18 1 17 2 14 6
0 0 0 0 0 1 1 0 1 1
1 0 0 0 6 1 3 2 3 3
1 0 5 3 0 0 0 0 0 0
0 1 0 0 0 0 0 0 0 0
0 0 0 0 0 0 1 0 1 0
2 0 0 0 0 0 4 0 0 1
0 0 0 0 0 0 1 0 0 0
0 0 0 0 1 0 0 0 2 0
1 0 0 0 0 0 1 0 0 0
0 0 1 1 0 0 0 0 0 0
1 0 0 0 0 0 0 0 0 0
1 0 0 0 2 0 3 0 0 1
0 0 0 0 1 0 0 0 0 0
1 0 0 1 0 0 0 0 0 0
0 0 0 0 1 0 0 0 0 0
2 0 0 0 1 0 1 1 1 2
11 1 6 5 15 1 11 0 4 4
0 0 0 1 1 0 0 0 0 0
0 0 3 1 0 0 0 0 0 0
1 0 0 1 1 0 0 0 0 1
0 0 1 1 3 2 1 1 0 4
1 0 0 0 1 0 0 0 0 0
0 0 1 0 0 0 1 0 0 0
0 0 0 0 0 0 1 0 0 0
0 0 0 0 0 0 0 0 2 0
2 0 0 0 0 3 0 0 0 0
0 0 0 0 1 0 0 0 0 0
0 0 0 2 1 0 0 0 0 0
0 1 1 2 0 0 0 0 0 0
27 2 21 28 26 6 18 0 9 5
0 0 0 0 0 0 1 0 1 0
0 0 1 0 0 0 0 0 0 0
7 0 0 1 17 2 9 4 7 1
0 1 5 3 0 0 0 0 0 1
0 1 0 0 0 0 0 0 0 0
0 0 0 1 1 0 0 0 0 0
0 0 0 0 0 0 1 0 1 0
2 0 7 11 10 0 2 0 2 6
0 0 5 7 0 0 1 0 0 0
0 0 0 2 0 0 0 0 0 0
6 1 3 6 1 0 1 0 0 1
1 0 0 0 0 0 0 0 1 0
2 1 0 0 3 0 1 0 0 0
0 0 0 0 0 0 3 0 1 2
0 0 0 5 0 0 0 0 3 0
0 0 0 0 0 0 0 0 0 1
0 0 1 0 0 0 0 0 0 0
0 0 0 0 1 0 1 0 0 0
2 0 0 0 0 0 0 0 0 0
0 0 0 0 0 0 0 1 0 0
0 0 0 0 0 0 0 0 0 1
0 0 2 2 1 0 0 0 0 0
0 0 0 2 0 0 0 0 0 0
9 1 0 5 2 0 0 0 3 1
0 0 0 2 1 0 0 0 0 0
1 0 0 0 6 0 2 0 1 0
0 0 0 0 0 0 1 0 0 0
0 0 0 1 0 0 0 0 0 0
0 0 0 2 1 0 0 0 1 0
0 0 0 0 0 0 0 0 0 3
0 0 2 0 0 0 1 0 0 0
1 0 0 0 0 0 0 0 1 0
0 0 0 0 0 0 0 0 2 0
1 0 0 0 4 0 0 0 1 0
0 0 0 0 1 2 0 0 0 0
12 2 2 7 12 1 5 0 1 2
12 2 5 9 6 3 6 1 2 4
1 0 0 1 1 2 0 0 1 0
0 0 0 0 1 1 0 0 0 0
2 0 1 4 1 0 0 0 0 1
5 0 5 10 3 0 1 0 1 0
0 0 1 0 0 0 0 0 0 0
0 0 0 0 0 0 1 0 0 1
1 0 0 0 1 0 0 0 0 0
0 0 0 0 1 0 0 0 0 0
13 0 1 4 16 4 8 0 8 3
1 0 1 2 0 0 0 0 0 0
1 0 0 6 4 1 2 0 1 5
0 0 1 1 0 0 0 0 0 0
1 0 0 4 6 1 2 0 2 8
0 0 0 1 0 0 0 0 0 0
0 0 0 0 2 0 0 0 0 0
0 0 0 1 0 0 0 0 0 0
0 0 0 0 1 0 0 0 0 0
0 0 0 0 0 0 1 0 0 0
1 1 0 0 2 0 0 0 1 0
1 0 1 0 1 0 0 0 0 0
0 0 0 1 0 0 0 0 0 0
0 0 1 0 2 0 1 0 0 0
0 0 0 0 1 0 0 0 0 0
1 0 0 1 0 0 0 0 0 0
0 0 0 1 2 0 0 0 1 1
2 0 0 0 1 0 2 0 0 0
1 0 0 0 2 0 0 0 0 0
0 0 0 0 0 0 1 0 0 0
0 0 0 0 1 0 0 0 0 0
0 0 0 0 2 0 0 0 0 0
1 0 0 0 1 0 0 0 0 0
0 0 1 0 1 0 0 0 0 0
1 0 0 0 0 0 0 0 0 1
3 0 0 0 3 0 2 0 1 0
3 0 5 16 0 0 2 0 0 7
11 1 0 1 2 0 4 0 0 6
0 0 0 0 1 0 0 0 0 0
0 0 0 0 2 0 0 0 0 0
2 0 0 0 2 0 0 0 1 1
4 0 2 1 1 0 2 0 2 0
0 0 0 0 1 0 1 0 0 0
0 0 0 2 0 0 2 0 0 1
1 0 0 0 1 0 1 0 1 0
0 1 0 3 2 1 0 0 1 1
1 0 0 1 0 0 0 0 0 0
1 0 0 0 5 0 0 0 0 0
0 0 0 0 0 0 1 0 0 0
0 0 0 1 0 0 0 0 0 0
1 0 0 0 1 0 0 0 0 0
0 0 0 0 0 1 0 1 0 0
2 0 0 0 2 1 0 0 0 0
0 0 0 0 0 0 0 0 1 0
507 33 181 293 563 116 221 24 174 259
1 0 0 0 0 0 0 0 0 0
0 0 1 0 1 2 1 0 0 0
0 0 1 0 1 0 0 0 0 0
1 0 0 0 7 1 1 0 0 0
18 2 21 43 26 5 16 0 13 7
2 0 1 0 1 0 1 0 0 0
2 0 0 0 4 0 0 0 0 0
0 0 0 1 0 0 0 0 1 0
0 0 0 0 1 0 0 0 0 0
5 1 1 1 5 0 1 0 0 0
1 0 0 0 2 0 0 0 0 0
2 0 0 0 2 0 0 0 0 0
2 0 1 1 1 0 0 0 0 1
0 0 0 0 0 0 1 0 0 1
1 0 0 0 2 1 1 0 1 0
10 0 6 7 27 0 4 0 6 0
0 1 0 1 0 0 1 0 3 1
0 0 1 0 2 0 0 0 0 0
5 0 1 1 3 1 4 0 2 0
26 3 4 14 16 2 14 0 16 10
0 0 0 0 0 0 0 0 1 0
0 0 0 0 0 0 0 0 2 0
0 0 1 1 0 0 2 0 0 0
1 0 0 0 0 0 1 0 2 0
1 0 0 0 1 0 0 0 2 1
1 0 1 0 3 1 1 0 0 1
0 0 0 0 0 0 1 0 0 0
2 0 1 1 6 0 1 0 1 1
1 0 0 1 0 0 0 0 0 0
5 0 0 1 4 0 1 0 0 0
0 0 0 0 0 0 1 0 0 0
0 0 0 0 1 0 0 0 0 0
0 0 0 0 1 0 0 0 0 0
1 0 0 1 3 0 0 0 0 1
1 0 0 4 0 0 0 0 0 0
0 0 0 0 0 0 0 0 0 1
3 0 0 0 0 0 2 0 0 0
2 0 0 0 1 0 0 0 0 0
1 0 0 0 0 0 1 0 0 0
0 0 1 1 0 0 0 0 0 0
1 0 0 0 1 0 1 0 0 0
20 0 1 1 8 0 13 0 3 4
0 0 0 0 1 0 0 0 1 0
0 0 0 0 0 0 1 0 0 1
0 0 1 2 0 0 0 0 0 0
0 0 0 0 1 0 0 0 0 0
0 0 1 0 11 0 0 0 0 0
3 0 0 1 1 0 0 0 1 0
0 0 1 2 0 0 0 0 0 0
0 0 0 0 1 0 1 0 1 0
0 0 0 0 1 0 0 0 0 1
0 0 1 0 0 0 1 0 0 0
0 0 1 1 0 0 0 0 0 0
0 0 0 0 2 0 1 0 0 0
0 0 1 0 0 0 0 0 0 0
2 0 0 0 2 0 1 0 0 1
0 0 0 1 2 0 0 0 0 1
0 1 0 0 1 0 0 0 0 0
2 0 0 0 2 0 0 0 0 1
1 0 1 1 0 0 0 0 0 0
1 0 0 0 0 0 0 0 0 0
0 0 0 0 1 1 0 0 0 0
0 0 0 0 0 0 1 0 0 0
1 0 0 0 0 0 0 0 0 0
0 0 0 0 0 0 0 0 2 0
0 0 0 0 0 1 0 0 1 0
0 0 0 0 1 0 0 0 0 0
0 0 0 0 0 0 1 0 1 0
0 0 0 0 2 0 1 0 4 1
0 0 0 0 0 0 0 0 1 0
0 0 1 0 0 0 0 0 0 0
0 0 1 4 0 0 0 0 0 0
1 0 0 0 0 0 0 0 0 0
0 0 0 0 0 0 0 0 1 0
0 1 0 0 0 0 0 0 0 1
0 0 1 0 0 0 0 0 0 0
2 0 0 0 3 0 0 0 2 0
0 0 0 2 0 0 0 0 0 0
0 0 0 0 0 0 2 0 0 0
0 0 0 0 1 0 0 0 0 1
1 0 0 0 0 0 0 0 0 0
0 1 0 0 0 0 0 0 0 0
96 10 54 125 74 12 46 6 35 77
0 0 0 0 0 0 1 0 0 0
1 0 2 4 2 0 0 0 0 1
1 0 0 2 8 1 2 0 1 2
1 0 0 0 1 1 2 0 1 0
4 0 0 2 5 3 2 0 0 5
0 0 2 2 0 0 1 0 0 0
0 0 0 1 0 0 0 0 0 0
1 0 0 0 0 1 1 0 0 0
1 0 0 0 0 0 0 1 1 0
0 0 1 0 0 0 0 0 0 0
17 3 11 17 24 8 10 0 19 28
0 0 0 0 0 0 1 0 0 0
0 0 0 0 0 0 1 0 0 0
1 0 0 1 0 0 0 0 0 0
1 0 0 0 1 0 1 1 1 0
0 0 0 0 1 0 0 0 0 0
1 0 0 0 4 0 1 0 0 0
0 2 2 2 0 0 0 0 0 1
0 0 0 0 2 0 0 0 0 0
0 0 0 0 0 0 1 0 0 0
3 0 0 0 0 0 1 0 2 1
0 0 3 7 0 0 0 0 0 0
1 1 3 3 2 0 1 0 0 0
0 1 0 0 0 0 0 0 0 0
0 0 3 1 0 0 0 0 0 0
1 0 2 2 0 0 0 0 1 0
6 0 0 0 3 0 1 0 3 3
0 0 1 0 1 0 0 0 2 0
3 0 0 0 0 1 0 0 0 0
5 0 0 3 5 1 1 0 0 1
0 0 0 0 0 0 0 0 0 1
0 0 0 0 0 0 0 0 1 0
4 0 1 5 17 1 2 0 2 1
0 0 0 0 3 0 0 0 0 0
1 0 1 1 1 0 0 0 0 0
0 0 0 0 0 0 0 0 0 1
0 0 0 0 1 0 0 0 0 0
0 0 0 0 0 1 1 0 0 0
0 0 0 0 0 0 0 0 2 0
0 0 0 0 0 0 3 0 1 0
0 0 0 0 3 0 0 0 0 0
1 0 0 0 3 0 0 0 2 0
0 0 1 1 0 0 0 0 0 0
0 0 0 0 0 0 1 0 1 0
1 0 0 0 0 0 0 0 0 0
1 0 0 0 1 0 0 0 1 1
0 0 0 0 1 0 0 0 0 0
4 1 4 14 7 0 5 0 2 4
1 0 0 0 0 0 0 0 0 0
2 0 0 0 0 0 1 0 0 0
0 0 0 0 1 0 0 0 0 0
1 0 0 0 3 0 0 0 0 0
0 0 0 1 0 0 0 0 0 0
0 0 1 0 0 0 0 0 0 0
17 0 6 7 16 4 9 0 40 2
1 0 0 0 0 0 1 0 1 0
16 0 1 3 12 4 3 0 10 4
1 0 0 0 0 0 0 0 0 0
0 0 1 1 0 0 0 0 0 0
0 0 0 0 1 0 0 0 0 0
1 0 0 0 1 1 0 0 0 2
1 0 0 0 0 0 0 0 0 0
0 0 0 1 0 0 0 0 0 0
0 0 0 0 0 0 0 0 0 1
1 0 0 1 1 0 4 0 1 0
0 0 0 0 2 0 0 0 0 0
0 0 1 0 0 0 0 0 0 0
1 0 0 0 0 0 0 0 1 0
0 0 0 0 0 0 0 0 0 1
2 1 0 0 1 0 1 0 0 1
0 0 0 0 0 0 1 0 0 0
0 0 2 1 2 0 0 0 0 1
0 0 0 0 0 0 0 0 1 0
0 0 0 1 0 0 0 0 0 0
0 0 0 3 0 0 0 0 0 0
0 0 0 0 1 0 0 0 0 0
0 0 0 2 2 0 0 0 0 0
6 1 10 15 5 1 1 0 0 1
0 1 0 5 0 0 0 0 0 0
4 0 1 0 2 1 3 0 0 1
1 0 3 9 0 0 0 0 1 3
1 1 0 0 0 0 0 0 0 0
0 0 1 1 0 0 0 0 0 0
1 0 0 0 0 0 0 0 0 0
0 0 5 8 1 0 0 0 0 0
0 0 0 2 0 0 0 0 0 0
2 0 0 1 10 1 0 0 2 0
1 0 0 0 0 0 0 0 1 0
2 2 0 2 2 0 4 0 0 0
0 0 0 0 1 1 0 0 1 0
0 0 0 0 0 2 1 0 0 0
2 0 0 2 0 0 1 0 0 0
0 0 2 10 0 0 0 0 0 0
0 0 0 1 0 0 0 0 0 0
1 0 0 0 1 0 0 0 0 0
3 0 0 2 0 1 1 0 1 2
1 0 0 0 0 0 0 0 0 1
3 0 1 0 0 0 0 0 2 0
0 0 0 0 0 0 1 0 1 0
0 0 0 0 1 0 0 0 0 0
0 0 0 0 1 0 0 0 0 0
0 0 0 2 1 0 0 0 0 0
0 0 1 0 0 0 0 0 0 0
1 1 0 0 0 0 1 0 0 0
6 2 1 4 1 0 2 1 1 4
3 0 0 0 5 0 7 0 3 0
0 0 0 0 1 0 0 0 0 0
0 0 2 0 0 0 0 0 0 0
1 0 0 0 0 0 1 0 0 0
1 0 0 0 0 0 0 0 0 0
0 0 0 0 1 0 0 0 0 0
0 0 0 0 1 0 0 0 0 0
0 0 1 0 14 0 0 0 0 0
1 0 0 0 1 1 0 0 0 0
0 0 0 0 1 0 0 0 0 0
6 1 2 1 10 1 7 0 5 2
2 0 2 0 4 0 1 0 1 1
5 0 1 0 1 0 4 0 0 4
0 0 0 1 2 0 1 0 0 0
0 0 0 0 0 0 1 0 0 0
5 0 0 0 0 0 1 0 1 5
0 0 0 0 1 0 0 0 0 0
0 0 0 0 0 0 1 0 0 0
0 0 1 1 0 0 0 0 0 0
1 0 0 0 0 0 1 0 0 0
0 0 1 1 0 0 2 0 0 0
5 1 0 0 4 0 8 0 5 1
1 0 0 0 0 0 0 0 0 0
0 0 0 1 0 0 0 0 1 0
2 0 0 0 0 1 0 0 0 0
6 3 4 17 14 2 4 2 5 6
7 0 11 10 8 1 3 0 0 5
1 0 0 2 1 0 2 0 0 0
0 0 1 0 3 0 0 0 0 0
0 0 0 0 2 0 1 0 1 0
3 0 0 0 5 0 0 0 1 0
1 0 0 0 0 0 1 0 0 0
0 0 0 0 2 0 0 0 0 0
1 0 0 0 0 0 0 0 0 0
1 1 0 0 0 0 0 1 2 1
9 1 0 1 0 4 10 1 5 1
1 1 0 0 0 0 0 0 0 0
1 0 0 0 2 0 0 0 0 3
0 0 0 0 3 0 0 0 0 0
3 0 0 0 0 0 0 0 0 2
0 0 0 0 0 0 0 0 0 1
0 0 0 0 0 0 0 0 0 1
0 0 0 0 1 0 0 0 0 0
0 0 0 0 1 0 0 0 0 0
0 0 0 0 1 0 0 0 0 0
0 0 2 1 0 0 0 0 0 0
0 0 0 0 1 0 0 0 0 0
1 0 0 0 2 0 0 0 0 0
1 0 0 0 0 0 0 0 0 0
0 0 0 0 0 0 0 0 1 0
1 0 0 0 0 0 0 0 0 0
8 0 1 0 5 1 7 1 2 1
0 0 0 0 1 0 2 0 1 0
5 1 0 1 3 0 2 0 0 6
0 0 0 0 0 0 0 0 3 0
0 0 0 1 0 0 0 0 0 0
0 0 0 0 5 0 1 0 1 0
1558 80 266 443 1325 409 202 25 184 1043
0 0 0 1 0 0 1 0 1 0
0 0 0 1 0 0 0 0 0 0
0 0 0 1 1 0 0 0 0 0
2 0 0 0 0 1 0 0 0 0
1 0 0 0 0 1 0 0 0 1
0 0 0 0 0 0 1 0 1 0
0 0 0 1 8 0 2 0 0 0
1 0 0 0 6 0 0 0 0 0
1 0 1 0 1 0 1 0 0 3
0 1 0 0 0 0 0 0 0 0
8 0 5 4 19 4 7 0 2 9
